312 36
1 7 13 19 25 31 0
-1 -7 0
-1 -13 0
-1 -19 0
-1 -25 0
-1 -31 0
-7 -13 0
-7 -19 0
-7 -25 0
-7 -31 0
-13 -19 0
-13 -25 0
-13 -31 0
-19 -25 0
-19 -31 0
-25 -31 0
2 8 14 20 26 32 0
-2 -8 0
-2 -14 0
-2 -20 0
-2 -26 0
-2 -32 0
-8 -14 0
-8 -20 0
-8 -26 0
-8 -32 0
-14 -20 0
-14 -26 0
-14 -32 0
-20 -26 0
-20 -32 0
-26 -32 0
3 9 15 21 27 33 0
-3 -9 0
-3 -15 0
-3 -21 0
-3 -27 0
-3 -33 0
-9 -15 0
-9 -21 0
-9 -27 0
-9 -33 0
-15 -21 0
-15 -27 0
-15 -33 0
-21 -27 0
-21 -33 0
-27 -33 0
4 10 16 22 28 34 0
-4 -10 0
-4 -16 0
-4 -22 0
-4 -28 0
-4 -34 0
-10 -16 0
-10 -22 0
-10 -28 0
-10 -34 0
-16 -22 0
-16 -28 0
-16 -34 0
-22 -28 0
-22 -34 0
-28 -34 0
5 11 17 23 29 35 0
-5 -11 0
-5 -17 0
-5 -23 0
-5 -29 0
-5 -35 0
-11 -17 0
-11 -23 0
-11 -29 0
-11 -35 0
-17 -23 0
-17 -29 0
-17 -35 0
-23 -29 0
-23 -35 0
-29 -35 0
6 12 18 24 30 36 0
-6 -12 0
-6 -18 0
-6 -24 0
-6 -30 0
-6 -36 0
-12 -18 0
-12 -24 0
-12 -30 0
-12 -36 0
-18 -24 0
-18 -30 0
-18 -36 0
-24 -30 0
-24 -36 0
-30 -36 0
1 2 3 4 5 6 0
-1 -2 0
-1 -3 0
-1 -4 0
-1 -5 0
-1 -6 0
-2 -3 0
-2 -4 0
-2 -5 0
-2 -6 0
-3 -4 0
-3 -5 0
-3 -6 0
-4 -5 0
-4 -6 0
-5 -6 0
7 8 9 10 11 12 0
-7 -8 0
-7 -9 0
-7 -10 0
-7 -11 0
-7 -12 0
-8 -9 0
-8 -10 0
-8 -11 0
-8 -12 0
-9 -10 0
-9 -11 0
-9 -12 0
-10 -11 0
-10 -12 0
-11 -12 0
13 14 15 16 17 18 0
-13 -14 0
-13 -15 0
-13 -16 0
-13 -17 0
-13 -18 0
-14 -15 0
-14 -16 0
-14 -17 0
-14 -18 0
-15 -16 0
-15 -17 0
-15 -18 0
-16 -17 0
-16 -18 0
-17 -18 0
19 20 21 22 23 24 0
-19 -20 0
-19 -21 0
-19 -22 0
-19 -23 0
-19 -24 0
-20 -21 0
-20 -22 0
-20 -23 0
-20 -24 0
-21 -22 0
-21 -23 0
-21 -24 0
-22 -23 0
-22 -24 0
-23 -24 0
25 26 27 28 29 30 0
-25 -26 0
-25 -27 0
-25 -28 0
-25 -29 0
-25 -30 0
-26 -27 0
-26 -28 0
-26 -29 0
-26 -30 0
-27 -28 0
-27 -29 0
-27 -30 0
-28 -29 0
-28 -30 0
-29 -30 0
31 32 33 34 35 36 0
-31 -32 0
-31 -33 0
-31 -34 0
-31 -35 0
-31 -36 0
-32 -33 0
-32 -34 0
-32 -35 0
-32 -36 0
-33 -34 0
-33 -35 0
-33 -36 0
-34 -35 0
-34 -36 0
-35 -36 0
-1 -14 0
-2 -13 0
-2 -15 0
-3 -14 0
-3 -16 0
-4 -15 0
-4 -17 0
-5 -16 0
-5 -18 0
-6 -17 0
-1 -20 0
-2 -19 0
-2 -21 0
-3 -20 0
-3 -22 0
-4 -21 0
-4 -23 0
-5 -22 0
-5 -24 0
-6 -23 0
-1 -26 0
-2 -25 0
-2 -27 0
-3 -26 0
-3 -28 0
-4 -27 0
-4 -29 0
-5 -28 0
-5 -30 0
-6 -29 0
-1 -32 0
-2 -31 0
-2 -33 0
-3 -32 0
-3 -34 0
-4 -33 0
-4 -35 0
-5 -34 0
-5 -36 0
-6 -35 0
-7 -20 0
-8 -19 0
-8 -21 0
-9 -20 0
-9 -22 0
-10 -21 0
-10 -23 0
-11 -22 0
-11 -24 0
-12 -23 0
-7 -26 0
-8 -25 0
-8 -27 0
-9 -26 0
-9 -28 0
-10 -27 0
-10 -29 0
-11 -28 0
-11 -30 0
-12 -29 0
-7 -32 0
-8 -31 0
-8 -33 0
-9 -32 0
-9 -34 0
-10 -33 0
-10 -35 0
-11 -34 0
-11 -36 0
-12 -35 0
-13 -26 0
-14 -25 0
-14 -27 0
-15 -26 0
-15 -28 0
-16 -27 0
-16 -29 0
-17 -28 0
-17 -30 0
-18 -29 0
-13 -32 0
-14 -31 0
-14 -33 0
-15 -32 0
-15 -34 0
-16 -33 0
-16 -35 0
-17 -34 0
-17 -36 0
-18 -35 0
-19 -26 0
-20 -25 0
-20 -27 0
-21 -26 0
-21 -28 0
-22 -27 0
-22 -29 0
-23 -28 0
-23 -30 0
-24 -29 0
-19 -32 0
-20 -31 0
-20 -33 0
-21 -32 0
-21 -34 0
-22 -33 0
-22 -35 0
-23 -34 0
-23 -36 0
-24 -35 0
-25 -32 0
-26 -31 0
-26 -33 0
-27 -32 0
-27 -34 0
-28 -33 0
-28 -35 0
-29 -34 0
-29 -36 0
-30 -35 0
