306 36
1 7 13 19 25 31 0
-1 -7 0
-1 -13 0
-1 -19 0
-1 -25 0
-1 -31 0
-7 -13 0
-7 -19 0
-7 -25 0
-7 -31 0
-13 -19 0
-13 -25 0
-13 -31 0
-19 -25 0
-19 -31 0
-25 -31 0
2 8 14 20 26 32 0
-2 -8 0
-2 -14 0
-2 -20 0
-2 -26 0
-2 -32 0
-8 -14 0
-8 -20 0
-8 -26 0
-8 -32 0
-14 -20 0
-14 -26 0
-14 -32 0
-20 -26 0
-20 -32 0
-26 -32 0
3 9 15 21 27 33 0
-3 -9 0
-3 -15 0
-3 -21 0
-3 -27 0
-3 -33 0
-9 -15 0
-9 -21 0
-9 -27 0
-9 -33 0
-15 -21 0
-15 -27 0
-15 -33 0
-21 -27 0
-21 -33 0
-27 -33 0
4 10 16 22 28 34 0
-4 -10 0
-4 -16 0
-4 -22 0
-4 -28 0
-4 -34 0
-10 -16 0
-10 -22 0
-10 -28 0
-10 -34 0
-16 -22 0
-16 -28 0
-16 -34 0
-22 -28 0
-22 -34 0
-28 -34 0
5 11 17 23 29 35 0
-5 -11 0
-5 -17 0
-5 -23 0
-5 -29 0
-5 -35 0
-11 -17 0
-11 -23 0
-11 -29 0
-11 -35 0
-17 -23 0
-17 -29 0
-17 -35 0
-23 -29 0
-23 -35 0
-29 -35 0
6 12 18 24 30 36 0
-6 -12 0
-6 -18 0
-6 -24 0
-6 -30 0
-6 -36 0
-12 -18 0
-12 -24 0
-12 -30 0
-12 -36 0
-18 -24 0
-18 -30 0
-18 -36 0
-24 -30 0
-24 -36 0
-30 -36 0
-1 -9 0
-3 -7 0
-7 -15 0
-9 -13 0
-13 -21 0
-15 -19 0
-19 -27 0
-21 -25 0
-25 -33 0
-27 -31 0
-1 -10 0
-4 -7 0
-7 -16 0
-10 -13 0
-13 -22 0
-16 -19 0
-19 -28 0
-22 -25 0
-25 -34 0
-28 -31 0
-1 -11 0
-5 -7 0
-7 -17 0
-11 -13 0
-13 -23 0
-17 -19 0
-19 -29 0
-23 -25 0
-25 -35 0
-29 -31 0
-1 -12 0
-6 -7 0
-7 -18 0
-12 -13 0
-13 -24 0
-18 -19 0
-19 -30 0
-24 -25 0
-25 -36 0
-30 -31 0
-2 -10 0
-4 -8 0
-8 -16 0
-10 -14 0
-14 -22 0
-16 -20 0
-20 -28 0
-22 -26 0
-26 -34 0
-28 -32 0
-2 -11 0
-5 -8 0
-8 -17 0
-11 -14 0
-14 -23 0
-17 -20 0
-20 -29 0
-23 -26 0
-26 -35 0
-29 -32 0
-2 -12 0
-6 -8 0
-8 -18 0
-12 -14 0
-14 -24 0
-18 -20 0
-20 -30 0
-24 -26 0
-26 -36 0
-30 -32 0
-3 -11 0
-5 -9 0
-9 -17 0
-11 -15 0
-15 -23 0
-17 -21 0
-21 -29 0
-23 -27 0
-27 -35 0
-29 -33 0
-3 -12 0
-6 -9 0
-9 -18 0
-12 -15 0
-15 -24 0
-18 -21 0
-21 -30 0
-24 -27 0
-27 -36 0
-30 -33 0
-4 -11 0
-5 -10 0
-10 -17 0
-11 -16 0
-16 -23 0
-17 -22 0
-22 -29 0
-23 -28 0
-28 -35 0
-29 -34 0
-4 -12 0
-6 -10 0
-10 -18 0
-12 -16 0
-16 -24 0
-18 -22 0
-22 -30 0
-24 -28 0
-28 -36 0
-30 -34 0
-5 -12 0
-6 -11 0
-11 -18 0
-12 -17 0
-17 -24 0
-18 -23 0
-23 -30 0
-24 -29 0
-29 -36 0
-30 -35 0
-1 -2 0
-1 -3 0
-1 -4 0
-1 -5 0
-1 -6 0
-2 -3 0
-2 -4 0
-2 -5 0
-2 -6 0
-3 -4 0
-3 -5 0
-3 -6 0
-4 -5 0
-4 -6 0
-5 -6 0
-7 -8 0
-7 -9 0
-7 -10 0
-7 -11 0
-7 -12 0
-8 -9 0
-8 -10 0
-8 -11 0
-8 -12 0
-9 -10 0
-9 -11 0
-9 -12 0
-10 -11 0
-10 -12 0
-11 -12 0
-13 -14 0
-13 -15 0
-13 -16 0
-13 -17 0
-13 -18 0
-14 -15 0
-14 -16 0
-14 -17 0
-14 -18 0
-15 -16 0
-15 -17 0
-15 -18 0
-16 -17 0
-16 -18 0
-17 -18 0
-19 -20 0
-19 -21 0
-19 -22 0
-19 -23 0
-19 -24 0
-20 -21 0
-20 -22 0
-20 -23 0
-20 -24 0
-21 -22 0
-21 -23 0
-21 -24 0
-22 -23 0
-22 -24 0
-23 -24 0
-25 -26 0
-25 -27 0
-25 -28 0
-25 -29 0
-25 -30 0
-26 -27 0
-26 -28 0
-26 -29 0
-26 -30 0
-27 -28 0
-27 -29 0
-27 -30 0
-28 -29 0
-28 -30 0
-29 -30 0
-31 -32 0
-31 -33 0
-31 -34 0
-31 -35 0
-31 -36 0
-32 -33 0
-32 -34 0
-32 -35 0
-32 -36 0
-33 -34 0
-33 -35 0
-33 -36 0
-34 -35 0
-34 -36 0
-35 -36 0
